    -0.20   -20.00    0.150047808   1.382836190   0.806697818   -194.0434608965
    -0.20   -15.00    0.237049268   1.306410216   0.797495511   -194.0524557450
    -0.20   -10.00    0.321438179   1.225028133   0.782907669   -194.0592173267
    -0.20    -5.00    0.404213859   1.138569182   0.762152375   -194.0639135460
    -0.20     0.00    0.485756995   1.046970166   0.734608357   -194.0667196294
    -0.20     5.00    0.565927080   0.950155107   0.699802944   -194.0678175538
    -0.20    10.00    0.644198519   0.848044940   0.657396169   -194.0673958612
    -0.20    15.00    0.719735623   0.740557455   0.607166434   -194.0656503181
    -0.20    20.00    0.791438641   0.627637223   0.549000372   -194.0627851947
    -0.15   -20.00    0.009398537   1.490932042   0.862951182   -194.0646952086
    -0.15   -15.00    0.099083854   1.416905881   0.853950397   -194.0727505466
    -0.15   -10.00    0.185216560   1.338280559   0.839632134   -194.0786924302
    -0.15    -5.00    0.268538292   1.255101056   0.819278206   -194.0826805671
    -0.15     0.00    0.349299835   1.167232823   0.792326714   -194.0848808056
    -0.15     5.00    0.427301784   1.074691890   0.758356567   -194.0854648789
    -0.15    10.00    0.502017054   0.977430953   0.717070178   -194.0846107179
    -0.15    15.00    0.572657965   0.875382756   0.668275633   -194.0825035501
    -0.15    20.00    0.638219717   0.768484310   0.611873975   -194.0793375139
    -0.10   -20.00   -0.120317380   1.593985779   0.913477378   -194.0786549085
    -0.10   -15.00   -0.029025205   1.522152980   0.904529850   -194.0858326070
    -0.10   -10.00    0.057840140   1.446176615   0.890373745   -194.0910157520
    -0.10    -5.00    0.140797131   1.366158987   0.870357796   -194.0943544045
    -0.10     0.00    0.219974992   1.282026804   0.843975977   -194.0960040317
    -0.10     5.00    0.295115924   1.193842758   0.810860243   -194.0961254461
    -0.10    10.00    0.365688392   1.101592527   0.770755713   -194.0948855149
    -0.10    15.00    0.430947953   1.005225879   0.723501855   -194.0924586138
    -0.10    20.00    0.489979342   0.904675353   0.669015417   -194.0890285029
    -0.05   -20.00   -0.240600109   1.692681602   0.959419490   -194.0870107971
    -0.05   -15.00   -0.148668435   1.622873439   0.950395268   -194.0933742447
    -0.05   -10.00   -0.062007148   1.549430810   0.936301053   -194.0978593519
    -0.05    -5.00    0.019821911   1.472508934   0.916550558   -194.1006057244
    -0.05     0.00    0.096711494   1.392104773   0.890697000   -194.1017578699
    -0.05     5.00    0.168385105   1.308326701   0.858425629   -194.1014653193
    -0.05    10.00    0.234301941   1.221197729   0.819526807   -194.0998836583
    -0.05    15.00    0.293753230   1.130690804   0.773874304   -194.0971762611
    -0.05    20.00    0.345904101   1.036741305   0.721404556   -194.0935163612
     0.00   -20.00   -0.352780974   1.787515507   1.001687018   -194.0910629972
     0.00   -15.00   -0.261043297   1.719704709   0.992470134   -194.0966757256
     0.00   -10.00   -0.175325496   1.648743058   0.978339889   -194.1005224182
     0.00    -5.00   -0.095345727   1.574801428   0.958775728   -194.1027318417
     0.00     0.00   -0.021339087   1.498091771   0.933391343   -194.1034373014
     0.00     5.00    0.046362609   1.418724063   0.901927531   -194.1027769406
     0.00    10.00    0.107202403   1.336765116   0.864222951   -194.1008950382
     0.00    15.00    0.160496653   1.252220624   0.820190157   -194.0979439428
     0.00    20.00    0.205477518   1.165041197   0.769791444   -194.0940862818
     0.05   -20.00   -0.458008016   1.879081689   1.040986771   -194.0918259587
     0.05   -15.00   -0.367121420   1.813035894   1.031472098   -194.0967505778
     0.05   -10.00   -0.283005773   1.744528915   1.017210806   -194.1000167203
     0.05    -5.00   -0.205427025   1.673427457   0.997744438   -194.1017422586
     0.05     0.00   -0.134778954   1.600443316   0.972753300   -194.1020492849
     0.05     5.00   -0.071440527   1.525435542   0.942034227   -194.1010646672
     0.05    10.00   -0.015993751   1.448623708   0.905478163   -194.0989215076
     0.05    15.00    0.030889690   1.370058834   0.863042179   -194.0957611947
     0.05    20.00    0.068491108   1.289724122   0.814721577   -194.0917357229
     0.10   -20.00   -0.557037322   1.967746415   1.077852157   -194.0900928240
     0.10   -15.00   -0.467633821   1.903408564   1.067940749   -194.0943901916
     0.10   -10.00   -0.385651427   1.837210946   1.053453256   -194.0971313483
     0.10    -5.00   -0.310896890   1.768870055   1.033987772   -194.0984234460
     0.10     0.00   -0.243958199   1.699304089   1.009297015   -194.0983775722
     0.10     5.00   -0.185253405   1.628548870   0.979234564   -194.0971095969
     0.10    10.00   -0.135399382   1.556786101   0.943747638   -194.0947416834
     0.10    15.00   -0.095071961   1.484232161   0.902843243   -194.0914043940
     0.10    20.00   -0.064962034   1.410710676   0.856560561   -194.0872390970
     0.15   -20.00   -0.650538940   2.053626412   1.112664355   -194.0864847132
     0.15   -15.00   -0.563071250   1.990903606   1.102263465   -194.0902132478
     0.15   -10.00   -0.483596863   1.926600027   1.087450705   -194.0924822381
     0.15    -5.00   -0.411989665   1.861172903   1.067882795   -194.0933884424
     0.15     0.00   -0.348984436   1.794954958   1.043382749   -194.0930323533
     0.15     5.00   -0.295058022   1.728265112   1.013863250   -194.0915192339
     0.15    10.00   -0.250872818   1.661358333   0.979331148   -194.0889606177
     0.15    15.00   -0.217126206   1.594423419   0.939851580   -194.0854764127
     0.15    20.00   -0.194507044   1.527572237   0.895516859   -194.0811974158
     0.20   -20.00   -0.738897261   2.136731355   1.145674811   -194.0814889272
     0.20   -15.00   -0.653695929   2.075521655   1.134695569   -194.0847040731
     0.20   -10.00   -0.576822778   2.013186111   1.119448419   -194.0865506369
     0.20    -5.00   -0.508716707   1.950275827   1.099673435   -194.0871153974
     0.20     0.00   -0.449742841   1.887184214   1.075237333   -194.0864888612
     0.20     5.00   -0.400611900   1.824302326   1.046121739   -194.0847661231
     0.20    10.00   -0.362042277   1.761968952   1.012396781   -194.0820484335
     0.20    15.00   -0.334771501   1.700467113   0.974191572   -194.0784452735
     0.20    20.00   -0.319514331   1.640009868   0.931662641   -194.0740769575
