    -0.20   -20.00   1.096858755   0.595591559   -0.783792407   -194.0519869232
    -0.20   -15.00   0.992421857   0.538892749   -0.836103581   -194.0610091848
    -0.20   -10.00   0.886083900   0.481150275   -0.884133792   -194.0677556352
    -0.20    -5.00   0.776995860   0.421912003   -0.927033360   -194.0724106244
    -0.20     0.00   0.664619531   0.360891248   -0.963753327   -194.0751603178
    -0.20     5.00   0.548627590   0.297907946   -0.993180844   -194.0761936301
    -0.20    10.00   0.428890040   0.232891587   -1.014211905   -194.0757033173
    -0.20    15.00   0.305455412   0.165868229   -1.025773624   -194.0738875020
    -0.20    20.00   0.178568409   0.096970633   -1.026813973   -194.0709515767
    -0.15   -20.00   1.246620723   0.676931861   -0.761805506   -194.0720615265
    -0.15   -15.00   1.142975012   0.620642583   -0.817633690   -194.0801481611
    -0.15   -10.00   1.038236217   0.563768882   -0.868139172   -194.0860861257
    -0.15    -5.00   0.931676045   0.505903390   -0.912459077   -194.0900486681
    -0.15     0.00   0.822855446   0.446813839   -0.949597366   -194.0922106632
    -0.15     5.00   0.711508406   0.386353027   -0.978530760   -194.0927496619
    -0.15    10.00   0.597537084   0.324467858   -0.998261853   -194.0918471812
    -0.15    15.00   0.480991984   0.261185549   -1.007830384   -194.0896904492
    -0.15    20.00   0.362084658   0.196620890   -1.006297476   -194.0864745227
    -0.10   -20.00   1.389144916   0.754333440   -0.742056409   -194.0852006043
    -0.10   -15.00   1.286701899   0.698687489   -0.800254849   -194.0924115495
    -0.10   -10.00   1.183977366   0.642908278   -0.852258901   -194.0975992869
    -0.10    -5.00   1.080354933   0.586638200   -0.897200248   -194.1009250827
    -0.10     0.00   0.975498031   0.529701287   -0.934132426   -194.1025519401
    -0.10     5.00   0.869206599   0.471985820   -0.962112956   -194.1026456341
    -0.10    10.00   0.761425449   0.413460155   -0.980239999   -194.1013761152
    -0.10    15.00   0.652205323   0.354157053   -0.987654993   -194.0989194424
    -0.10    20.00   0.541741551   0.294177215   -0.983522219   -194.0954601016
    -0.05   -20.00   1.525888247   0.828599930   -0.724183859   -194.0929990294
    -0.05   -15.00   1.425014157   0.773794890   -0.783758790   -194.0993963442
    -0.05   -10.00   1.324665318   0.719305003   -0.836411627   -194.1038925813
    -0.05    -5.00   1.224320655   0.664816408   -0.881274658   -194.1066366988
    -0.05     0.00   1.123760041   0.610212569   -0.917447956   -194.1077796125
    -0.05     5.00   1.022852676   0.555420686   -0.944061633   -194.1074751601
    -0.05    10.00   0.921589372   0.500435953   -0.960299736   -194.1058815964
    -0.05    15.00   0.820052145   0.445302840   -0.965395013   -194.1031637009
    -0.05    20.00   0.718412532   0.390114560   -0.958606334   -194.0994952627
     0.00   -20.00   1.658026570   0.900364663   -0.707871297   -194.0966977198
     0.00   -15.00   1.559047151   0.846582045   -0.767969714   -194.1023440639
     0.00   -10.00   1.461362234   0.793540876   -0.820540126   -194.1062070008
     0.00    -5.00   1.364568435   0.740978814   -0.864719976   -194.1084232197
     0.00     0.00   1.268552531   0.688842800   -0.899652803   -194.1091315863
     0.00     5.00   1.173265799   0.637102907   -0.924533744   -194.1084740373
     0.00    10.00   1.078759807   0.585787391   -0.938623304   -194.1065971747
     0.00    15.00   0.985152392   0.534960410   -0.941236653   -194.1036545219
     0.00    20.00   0.892618496   0.484716949   -0.931718748   -194.0998091379
     0.05   -20.00   1.786347820   0.970092069   -0.692855412   -194.0972644931
     0.05   -15.00   1.689553179   0.917499990   -0.752753961   -194.1022219368
     0.05   -10.00   1.594676053   0.866029015   -0.804621687   -194.1055084383
     0.05    -5.00   1.501712595   0.815493013   -0.847604197   -194.1072486884
     0.05     0.00   1.410461572   0.765910386   -0.880885214   -194.1075697215
     0.05     5.00   1.320931589   0.717296559   -0.903717728   -194.1066017758
     0.05    10.00   1.233310484   0.669720074   -0.915430265   -194.1044799880
     0.05    15.00   1.147769582   0.623273969   -0.915411597   -194.1013467530
     0.05    20.00   1.064509190   0.578066926   -0.903084961   -194.0973544194
     0.10   -20.00   1.911573002   1.038085366   -0.678930074   -194.0954554364
     0.10   -15.00   1.817188654   0.986827650   -0.738026806   -194.0997845239
     0.10   -10.00   1.725378535   0.936887039   -0.788675140   -194.1025494545
     0.10    -5.00   1.636223023   0.888550511   -0.830032065   -194.1038633451
     0.10     0.00   1.549681924   0.841554943   -0.861318586   -194.1038417547
     0.10     5.00   1.465945630   0.796083678   -0.881838820   -194.1026035654
     0.10    10.00   1.385227420   0.752252896   -0.890980904   -194.1002727425
     0.10    15.00   1.307771754   0.710195420   -0.888198977   -194.0969807481
     0.10    20.00   1.233829404   0.670047181   -0.872986377   -194.0928692995
     0.15   -20.00   2.033990224   1.104571307   -0.665954699   -194.0918620096
     0.15   -15.00   1.942097712   1.054676152   -0.723755309   -194.0956210211
     0.15   -10.00   1.853705161   1.006514752   -0.772763258   -194.0979167072
     0.15    -5.00   1.768094409   0.960173365   -0.812147352   -194.0988511434
     0.15     0.00   1.686282676   0.915745280   -0.841163030   -194.0985288916
     0.15     5.00   1.608253292   0.873373143   -0.859159090   -194.0970579168
     0.15    10.00   1.534320909   0.833228254   -0.865575275   -194.0945513854
     0.15    15.00   1.464824607   0.795494693   -0.859922482   -194.0911300762
     0.15    20.00   1.400096967   0.760352131   -0.841756394   -194.0869251836
     0.20   -20.00   2.153546596   1.169331304   -0.653847966   -194.0869477502
     0.20   -15.00   2.064213199   1.120843537   -0.709957876   -194.0901921120
     0.20   -10.00   1.978617055   1.074764297   -0.756993183   -194.0920679153
     0.20    -5.00   1.897089542   1.030229027   -0.794131562   -194.0926668222
     0.20     0.00   1.819870980   0.988294921   -0.820663453   -194.0920829550
     0.20     5.00   1.747352884   0.948916380   -0.835974693   -194.0904138776
     0.20    10.00   1.679966115   0.912328124   -0.839549250   -194.0877623684
     0.20    15.00   1.618147352   0.878757749   -0.830946566   -194.0842388141
     0.20    20.00   1.562378845   0.848482370   -0.809798889   -194.0799640394
