    -0.20   -20.00   -0.000000212   1.187378628   -1.468477826   -115.5143435138
    -0.20   -15.00   -0.000000057   1.210315791   -1.376278498   -115.5206044587
    -0.20   -10.00   -0.000000054   1.224270800   -1.289553939   -115.5250653943
    -0.20    -5.00   -0.000000032   1.228995746   -1.207860577   -115.5278544136
    -0.20     0.00   -0.000000001   1.224245077   -1.130875026   -115.5291038748
    -0.20     5.00    0.000000040   1.209765445   -1.058396991   -115.5289528271
    -0.20    10.00    0.000000085   1.185280923   -0.990341526   -115.5275491797
    -0.20    15.00    0.000000105   1.150484324   -0.926727915   -115.5250517073
    -0.20    20.00   -0.000000015   1.105033503   -0.867663403   -115.5216318278
    -0.15   -20.00    0.000000070   1.224314188   -1.452475818   -115.5473287288
    -0.15   -15.00   -0.000000001   1.248444818   -1.356221727   -115.5534584352
    -0.15   -10.00    0.000000001   1.263049691   -1.265159748   -115.5577925821
    -0.15    -5.00    0.000000012   1.267945590   -1.178787394   -115.5604583350
    -0.15     0.00    0.000000037   1.262944059   -1.096750283   -115.5615871207
    -0.15     5.00    0.000000071   1.247839238   -1.018841984   -115.5613169751
    -0.15    10.00    0.000000097   1.222394111   -0.944991801   -115.5597946914
    -0.15    15.00    0.000000072   1.186329565   -0.875250928   -115.5571778764
    -0.15    20.00   -0.000000058   1.139321352   -0.809777047   -115.5536368305
    -0.10   -20.00    0.000000103   1.260169389   -1.439364489   -115.5669984856
    -0.10   -15.00    0.000000041   1.285289264   -1.339233562   -115.5729760596
    -0.10   -10.00    0.000000053   1.300426668   -1.243959410   -115.5771668051
    -0.10    -5.00    0.000000055   1.305459023   -1.152959359   -115.5796957465
    -0.10     0.00    0.000000071   1.300248477   -1.065836603   -115.5806925464
    -0.10     5.00    0.000000084   1.284629530   -0.982370056   -115.5802935678
    -0.10    10.00    0.000000072   1.258394768   -0.902497175   -115.5786438917
    -0.10    15.00   -0.000000011   1.221283474   -0.826295606   -115.5758993669
    -0.10    20.00    0.000000002   1.172978058   -0.753967341   -115.5722285593
    -0.05   -20.00    0.000000086   1.294293211   -1.429062455   -115.5771323637
    -0.05   -15.00    0.000000080   1.320137579   -1.325318102   -115.5829418352
    -0.05   -10.00    0.000000080   1.335644127   -1.226044219   -115.5869769064
    -0.05    -5.00    0.000000054   1.340742562   -1.130559092   -115.5893595126
    -0.05     0.00    0.000000024   1.335336383   -1.038412740   -115.5902168915
    -0.05     5.00   -0.000000023   1.319291327   -0.949363665   -115.5896831688
    -0.05    10.00   -0.000000074   1.292421205   -0.863351027   -115.5879011422
    -0.05    15.00    0.000000006   1.254476069   -0.780470925   -115.5850242739
    -0.05    20.00    0.000000020   1.205136635   -0.700959374   -115.5812186892
     0.00   -20.00    0.000000017   1.325977030   -1.421526619   -115.5804645637
     0.00   -15.00   -0.000000149   1.352229470   -1.314513742   -115.5860948252
     0.00   -10.00   -0.000000065   1.367901311   -1.211536927   -115.5899661185
     0.00    -5.00   -0.000000089   1.372960907   -1.111800100   -115.5921966581
     0.00     0.00   -0.000000116   1.367340891   -1.014793865   -115.5929107894
     0.00     5.00   -0.000000010   1.350928354   -0.920251925   -115.5922399395
     0.00    10.00    0.000000002   1.323550699   -0.828109432   -115.5903240936
     0.00    15.00    0.000000013   1.284963577   -0.738470870   -115.5873136819
     0.00    20.00    0.000000022   1.234842864   -0.651591423   -115.5833716209
     0.05   -20.00    0.000000099   1.354465836   -1.416747473   -115.5789820366
     0.05   -15.00    0.000000009   1.380770327   -1.306887210   -115.5844266004
     0.05   -10.00   -0.000000097   1.396370257   -1.200585087   -115.5881299166
     0.05    -5.00   -0.000000073   1.401253920   -1.096920957   -115.5902061815
     0.05     0.00   -0.000000078   1.395368025   -0.995324165   -115.5907765851
     0.05     5.00    0.000000024   1.378609936   -0.895502549   -115.5899695167
     0.05    10.00    0.000000049   1.350815279   -0.797382227   -115.5879216786
     0.05    15.00    0.000000072   1.311743512   -0.701065133   -115.5847798321
     0.05    20.00    0.000000090   1.261066909   -0.606806235   -115.5807028731
     0.10   -20.00   -0.000000151   1.378967113   -1.414741154   -115.5741354894
     0.10   -15.00    0.000000033   1.404943075   -1.302525345   -115.5793920223
     0.10   -10.00   -0.000000044   1.420209986   -1.193351746   -115.5829266381
     0.10    -5.00    0.000000029   1.424752377   -1.086174357   -115.5848495603
     0.10     0.00    0.000000074   1.418512817   -0.980364963   -115.5852787756
     0.10     5.00    0.000000051   1.401388669   -0.875608339   -115.5843394353
     0.10    10.00    0.000000071   1.373219042   -0.771818927   -115.5821645666
     0.10    15.00    0.000000095   1.333769178   -0.669084324   -115.5788966435
     0.10    20.00    0.000000125   1.282714216   -0.567638090   -115.5746896958
     0.15   -20.00   -0.000000485   1.398665413   -1.415539901   -115.5669900206
     0.15   -15.00    0.000000135   1.423925955   -1.301523402   -115.5720596877
     0.15   -10.00    0.000000113   1.438586336   -1.190002368   -115.5754277931
     0.15    -5.00    0.000000114   1.442598840   -1.079812203   -115.5772009691
     0.15     0.00    0.000000165   1.435882397   -0.970277789   -115.5774941740
     0.15     5.00    0.000000215   1.418322286   -0.861068853   -115.5764292660
     0.15    10.00    0.000000118   1.389759066   -0.752088251   -115.5741352870
     0.15    15.00    0.000000139   1.349968769   -0.643400565   -115.5707498349
     0.15    20.00    0.000000167   1.298641420   -0.535193661   -115.5664212104
     0.20   -20.00   -0.000000902   1.412737625   -1.419181201   -115.5583317658
     0.20   -15.00    0.000000309   1.436910844   -1.303972310   -115.5632184491
     0.20   -10.00    0.000000259   1.450692303   -1.190690294   -115.5664245143
     0.20    -5.00    0.000000220   1.453969497   -1.078069618   -115.5680537033
     0.20     0.00    0.000000208   1.446616318   -0.965406954   -115.5682183283
     0.20     5.00    0.000000210   1.428496488   -0.852369372   -115.5670370338
     0.20    10.00    0.000000227   1.399449771   -0.738854717   -115.5646346450
     0.20    15.00    0.000000254   1.359270357   -0.624899318   -115.5611433408
     0.20    20.00    0.000000282   1.307679455   -0.510627712   -115.5567048444
