    -0.40   1.224263608   0.956785827   -0.831249157   -193.8662073472
    -0.35   1.218725386   0.955340907   -0.824612759   -193.9438623632
    -0.30   1.213217776   0.954144985   -0.823334130   -193.9998550011
    -0.25   1.207579479   0.953253819   -0.827264709   -194.0395636098
    -0.20   1.201726999   0.952738806   -0.836392224   -194.0669741529
    -0.15   1.195615625   0.952685531   -0.850773681   -194.0850706083
    -0.10   1.189228851   0.953185233   -0.870485142   -194.0961064849
    -0.05   1.182571784   0.954323781   -0.895583634   -194.1017964762
     0.00   1.175666066   0.956174095   -0.926079649   -194.1034534644
     0.05   1.168545897   0.958791017   -0.961918173   -194.1020871394
     0.10   1.161255097   0.962209342   -1.002967403   -194.0984761894
     0.15   1.153844564   0.966442510   -1.049011786   -194.0932224002
     0.20   1.146370206   0.971482367   -1.099747222   -194.0867917656
     0.25   1.138891358   0.977298396   -1.154777197   -194.0795458239
     0.30   1.131468847   0.983837687   -1.213611877   -194.0717655191
     0.35   1.124163503   0.991025294   -1.275670968   -194.0636693686
     0.40   1.117034806   0.998765949   -1.340290916   -194.0554273387
     0.45   1.110139890   1.006946298   -1.406735639   -194.0471714637
     0.50   1.103532613   1.015439215   -1.474138680   -194.0390039756
     0.55   1.097263659   1.024108193   -1.541804622   -194.0310035666
     0.60   1.091380330   1.032812387   -1.608807469   -194.0232303128
     0.65   1.085926959   1.041411026   -1.674291193   -194.0157296104
     0.70   1.080943873   1.049767197   -1.737427864   -194.0085353846
